boss-idle-1 0 0 359 417
boss-idle-2 365 0 359 417
boss-idle-3 730 0 359 417
boss-idle-4 1095 0 359 417
boss-smash-1 0 422 429 383
boss-smash-2 434 423 430 383
boss-smash-3 869 423 435 383
boss-smash-4 1327 423 418 383
boss-smash-5 1751 423 394 383
boss-smash-6 2150 417 394 383
boss-smash-7 2538 416 396 385
boss-smash-8 2940 417 417 385
boss-smash-9 0 0 359 417
boss-fire-1 0 846 359 383
boss-fire-2 364 846 359 383
boss-fire-3 730 846 371 383
boss-fire-4 1107 846 317 383
boss-fire-5 1478 846 360 383
boss-fire-6 1844 846 359 382
boss-death-1 0 1252 359 394
boss-death-2 411 1252 359 394
boss-death-3 829 1258 359 394
boss-death-4 1275 1258 359 394
boss-death-5 1693 1258 364 394
boss-death-6 2157 1258 406 394
boss-death-7 6 1652 359 383
boss-death-8 317 1652 359 383
boss-death-9 736 1652 359 383
boss-death-10 1101 1652 359 383
boss-death-11 1466 1652 359 383